1 	 0.1176471 	 0.8235294 	 0.05882353 	 2 	 14 	 1 	 0.0519709 	 0.3637963 	 0.02598545 	 0.4417526 	 NEU 
2 	 0.1666667 	 0.4444444 	 0.3888889 	 3 	 8 	 7 	 -0.0333113 	 -0.08883013 	 -0.07772636 	 -0.1998678 	 NEU 
3 	 0.05 	 0.6 	 0.35 	 1 	 12 	 7 	 0.005022646 	 0.06027175 	 0.03515852 	 0.1004529 	 NEU 
4 	 0.2380952 	 0.7142857 	 0.04761905 	 5 	 15 	 1 	 0.05795786 	 0.1738736 	 0.01159157 	 0.243423 	 NEU 
5 	 0.04166667 	 0.625 	 0.3333333 	 1 	 15 	 8 	 0.006570661 	 0.09855992 	 0.05256529 	 0.1576959 	 NEU 
6 	 0.9166667 	 0.08333333 	 0 	 22 	 2 	 0 	 0.8131153 	 0.07391958 	 0 	 0.8870349 	 MIN 
7 	 0.08333333 	 0.8333333 	 0.08333333 	 2 	 20 	 2 	 0.04034689 	 0.4034689 	 0.04034689 	 0.4841627 	 NEU 
8 	 0.04166667 	 0.7083333 	 0.25 	 1 	 17 	 6 	 0.01072567 	 0.1823364 	 0.06435401 	 0.2574161 	 NEU 
9 	 0.6666667 	 0.2916667 	 0.04166667 	 16 	 7 	 1 	 0.1342452 	 0.05873227 	 0.008390324 	 0.2013678 	 MIN 
10 	 0.7083333 	 0.2916667 	 0 	 17 	 7 	 0 	 0.3045743 	 0.125413 	 0 	 0.4299873 	 MIN 
11 	 0.1176471 	 0.7647059 	 0.1176471 	 2 	 13 	 2 	 0.02984458 	 0.1939898 	 0.02984458 	 0.2536789 	 NEU 
12 	 0.2916667 	 0.5 	 0.2083333 	 7 	 12 	 5 	 -0.0551491 	 -0.09454131 	 -0.03939221 	 -0.1890826 	 NEU 
13 	 0.1666667 	 0.7083333 	 0.125 	 4 	 17 	 3 	 0.02377151 	 0.1010289 	 0.01782863 	 0.1426291 	 NEU 
14 	 0.2083333 	 0.7916667 	 0 	 5 	 19 	 0 	 0.1172014 	 0.4453655 	 0 	 0.5625669 	 NEU 
15 	 0 	 0.5 	 0.5 	 0 	 12 	 12 	 0 	 0.1504259 	 0.1504259 	 0.3008518 	 NEU 
16 	 0.2916667 	 0.7083333 	 0 	 7 	 17 	 0 	 0.125413 	 0.3045743 	 0 	 0.4299873 	 NEU 
17 	 1 	 0 	 0 	 24 	 0 	 0 	 1.300852 	 0 	 0 	 1.300852 	 MIN 
18 	 0.96 	 0.04 	 0 	 24 	 1 	 0 	 1.018525 	 0.04243856 	 0 	 1.060964 	 MIN 
19 	 0.96 	 0.04 	 0 	 24 	 1 	 0 	 1.018525 	 0.04243856 	 0 	 1.060964 	 MIN 
20 	 0.04 	 0.6 	 0.36 	 1 	 15 	 9 	 0.005788297 	 0.08682445 	 0.05209467 	 0.1447074 	 NEU 
21 	 1 	 0 	 0 	 25 	 0 	 0 	 1.303256 	 0 	 0 	 1.303256 	 MIN 
22 	 0 	 0.12 	 0.88 	 0 	 3 	 22 	 0 	 0.09286745 	 0.6810279 	 0.7738954 	 MAX 
23 	 0.16 	 0.84 	 0 	 4 	 21 	 0 	 0.1070315 	 0.5619152 	 0 	 0.6689467 	 NEU 
24 	 0 	 0.96 	 0.04 	 0 	 24 	 1 	 0 	 1.018525 	 0.04243856 	 1.060964 	 NEU 
25 	 0.72 	 0.24 	 0.04 	 18 	 6 	 1 	 0.2031387 	 0.06771289 	 0.01128548 	 0.2821371 	 MIN 
26 	 0.56 	 0.4 	 0.04 	 14 	 10 	 1 	 0.06736243 	 0.04811602 	 0.004811602 	 0.1202901 	 MIN 
27 	 0.28 	 0.6 	 0.12 	 7 	 15 	 3 	 -0.005658998 	 -0.01212643 	 -0.002425285 	 -0.02021071 	 NEU 
28 	 0 	 0.9166667 	 0.08333333 	 0 	 22 	 2 	 0 	 0.8131153 	 0.07391958 	 0.8870349 	 NEU 
29 	 0.12 	 0.84 	 0.04 	 3 	 21 	 1 	 0.06469706 	 0.4528794 	 0.02156569 	 0.5391422 	 NEU 
30 	 0.44 	 0.56 	 0 	 11 	 14 	 0 	 0.1380142 	 0.1756545 	 0 	 0.3136687 	 NEU 
31 	 0.2 	 0.68 	 0.12 	 5 	 17 	 3 	 0.01869118 	 0.06355002 	 0.01121471 	 0.09345591 	 NEU 
32 	 0.4 	 0.6 	 0 	 2 	 3 	 0 	 0.04058978 	 0.06088467 	 0 	 0.1014744 	 NEU 
33 	 0 	 0.6 	 0.4 	 0 	 3 	 2 	 0 	 0.06088467 	 0.04058978 	 0.1014744 	 NEU 
34 	 0.6 	 0.4 	 0 	 3 	 2 	 0 	 0.06088467 	 0.04058978 	 0 	 0.1014744 	 MIN 
35 	 0.25 	 0.75 	 0 	 1 	 3 	 0 	 0.04725304 	 0.1417591 	 0 	 0.1890122 	 NEU 
36 	 0 	 0.75 	 0.25 	 0 	 3 	 1 	 0 	 0.1417591 	 0.04725304 	 0.1890122 	 NEU 
37 	 0.04 	 0.96 	 0 	 1 	 24 	 0 	 0.04243856 	 1.018525 	 0 	 1.060964 	 NEU 
38 	 0.48 	 0.48 	 0.04 	 12 	 12 	 1 	 0.04846275 	 0.04846275 	 0.004038562 	 0.1009641 	 MIN 
39 	 0.36 	 0.32 	 0.32 	 9 	 8 	 8 	 -0.1005937 	 -0.08941662 	 -0.08941662 	 -0.2794269 	 MIN 
40 	 0.24 	 0.56 	 0.2 	 6 	 14 	 5 	 -0.0296891 	 -0.06927456 	 -0.02474091 	 -0.1237046 	 NEU 
41 	 0.52 	 0.44 	 0.04 	 13 	 11 	 1 	 0.05500488 	 0.04654259 	 0.004231145 	 0.1057786 	 MIN 
42 	 0.16 	 0.64 	 0.2 	 4 	 16 	 5 	 0.000605708 	 0.002422832 	 0.000757135 	 0.003785675 	 NEU 
43 	 0.24 	 0.6 	 0.16 	 6 	 15 	 4 	 -0.0134579 	 -0.03364475 	 -0.008971934 	 -0.05607459 	 NEU 
44 	 0.36 	 0.64 	 0 	 9 	 16 	 0 	 0.1298063 	 0.2307668 	 0 	 0.3605731 	 NEU 
45 	 0.96 	 0.04 	 0 	 24 	 1 	 0 	 1.018525 	 0.04243856 	 0 	 1.060964 	 MIN 
46 	 0.12 	 0.64 	 0.24 	 3 	 16 	 6 	 0.003598387 	 0.0191914 	 0.007196774 	 0.02998656 	 NEU 
47 	 0.2 	 0.44 	 0.36 	 5 	 11 	 9 	 -0.04257828 	 -0.09367222 	 -0.07664091 	 -0.2128914 	 NEU 
48 	 0.92 	 0.08 	 0 	 23 	 2 	 0 	 0.8289909 	 0.07208616 	 0 	 0.9010771 	 MIN 
49 	 0.4 	 0.52 	 0.08 	 10 	 13 	 2 	 -0.003040021 	 -0.003952027 	 -0.0006080042 	 -0.007600053 	 NEU 
50 	 0.08333333 	 0.8333333 	 0.08333333 	 2 	 20 	 2 	 0.04034689 	 0.4034689 	 0.04034689 	 0.4841627 	 NEU 
51 	 0.05882353 	 0.8823529 	 0.05882353 	 1 	 15 	 1 	 0.03740548 	 0.5610822 	 0.03740548 	 0.6358932 	 NEU 
52 	 0.08 	 0.92 	 0 	 2 	 23 	 0 	 0.07208616 	 0.8289909 	 0 	 0.9010771 	 NEU 
53 	 0.44 	 0.56 	 0 	 11 	 14 	 0 	 0.1380142 	 0.1756545 	 0 	 0.3136687 	 NEU 
54 	 0 	 0.28 	 0.72 	 0 	 7 	 18 	 0 	 0.1253855 	 0.3224199 	 0.4478054 	 MAX 
55 	 0.44 	 0.56 	 0 	 11 	 14 	 0 	 0.1380142 	 0.1756545 	 0 	 0.3136687 	 NEU 
56 	 1 	 0 	 0 	 25 	 0 	 0 	 1.303256 	 0 	 0 	 1.303256 	 MIN 
57 	 0.96 	 0.04 	 0 	 24 	 1 	 0 	 1.018525 	 0.04243856 	 0 	 1.060964 	 MIN 
58 	 0.84 	 0.16 	 0 	 21 	 4 	 0 	 0.5619152 	 0.1070315 	 0 	 0.6689467 	 MIN 
59 	 0.08 	 0.72 	 0.2 	 2 	 18 	 5 	 0.01649053 	 0.1484148 	 0.04122634 	 0.2061317 	 NEU 
60 	 0.04 	 0.52 	 0.44 	 1 	 13 	 11 	 0.004231145 	 0.05500488 	 0.04654259 	 0.1057786 	 NEU 
61 	 0 	 1 	 0 	 0 	 25 	 0 	 0 	 1.303256 	 0 	 1.303256 	 NEU 
62 	 0.88 	 0.12 	 0 	 22 	 3 	 0 	 0.6810279 	 0.09286745 	 0 	 0.7738954 	 MIN 
63 	 0.84 	 0.16 	 0 	 21 	 4 	 0 	 0.5619152 	 0.1070315 	 0 	 0.6689467 	 MIN 
64 	 0.08 	 0.48 	 0.44 	 2 	 12 	 11 	 -0.001413443 	 -0.008480655 	 -0.007773934 	 -0.01766803 	 NEU 
65 	 0.04 	 0.76 	 0.2 	 1 	 19 	 5 	 0.01408842 	 0.26768 	 0.07044212 	 0.3522106 	 NEU 
66 	 0.4 	 0.56 	 0.04 	 10 	 14 	 1 	 0.04811602 	 0.06736243 	 0.004811602 	 0.1202901 	 NEU 
67 	 0.375 	 0.5833333 	 0.04166667 	 9 	 14 	 1 	 0.04708806 	 0.0732481 	 0.005232007 	 0.1255682 	 NEU 
68 	 0.2916667 	 0.4583333 	 0.25 	 7 	 11 	 6 	 -0.06809992 	 -0.1070142 	 -0.05837136 	 -0.2334854 	 NEU 
69 	 0.125 	 0.8333333 	 0.04166667 	 3 	 20 	 1 	 0.06445204 	 0.4296803 	 0.02148401 	 0.5156163 	 NEU 
70 	 0.16 	 0.64 	 0.2 	 4 	 16 	 5 	 0.000605708 	 0.002422832 	 0.000757135 	 0.003785675 	 NEU 
71 	 0.64 	 0.2 	 0.16 	 16 	 5 	 4 	 0.002422832 	 0.000757135 	 0.000605708 	 0.003785675 	 MIN 
72 	 0 	 0.68 	 0.32 	 0 	 17 	 8 	 0 	 0.2712349 	 0.1276399 	 0.3988748 	 NEU 
73 	 0.96 	 0.04 	 0 	 24 	 1 	 0 	 1.018525 	 0.04243856 	 0 	 1.060964 	 MIN 
74 	 1 	 0 	 0 	 25 	 0 	 0 	 1.303256 	 0 	 0 	 1.303256 	 MIN 
75 	 1 	 0 	 0 	 25 	 0 	 0 	 1.303256 	 0 	 0 	 1.303256 	 MIN 
76 	 0 	 0.8 	 0.2 	 0 	 20 	 5 	 0 	 0.4650625 	 0.1162656 	 0.5813282 	 NEU 
77 	 1 	 0 	 0 	 25 	 0 	 0 	 1.303256 	 0 	 0 	 1.303256 	 MIN 
78 	 0 	 0.84 	 0.16 	 0 	 21 	 4 	 0 	 0.5619152 	 0.1070315 	 0.6689467 	 NEU 
79 	 0.12 	 0.88 	 0 	 3 	 22 	 0 	 0.09286745 	 0.6810279 	 0 	 0.7738954 	 NEU 
80 	 0 	 1 	 0 	 0 	 25 	 0 	 0 	 1.303256 	 0 	 1.303256 	 NEU 
81 	 0 	 1 	 0 	 0 	 25 	 0 	 0 	 1.303256 	 0 	 1.303256 	 NEU 
82 	 0.2 	 0.68 	 0.12 	 5 	 17 	 3 	 0.01869118 	 0.06355002 	 0.01121471 	 0.09345591 	 NEU 
83 	 0.16 	 0.76 	 0.08 	 4 	 19 	 2 	 0.04605199 	 0.218747 	 0.023026 	 0.287825 	 NEU 
84 	 0.24 	 0.64 	 0.12 	 6 	 16 	 3 	 0.007196774 	 0.0191914 	 0.003598387 	 0.02998656 	 NEU 
85 	 0.08 	 0.92 	 0 	 2 	 23 	 0 	 0.07208616 	 0.8289909 	 0 	 0.9010771 	 NEU 
86 	 0.12 	 0.6 	 0.28 	 3 	 15 	 7 	 -0.002425285 	 -0.01212643 	 -0.005658998 	 -0.02021071 	 NEU 
87 	 0.16 	 0.6 	 0.24 	 4 	 15 	 6 	 -0.008971934 	 -0.03364475 	 -0.0134579 	 -0.05607459 	 NEU 
88 	 0.12 	 0.76 	 0.12 	 3 	 19 	 3 	 0.03218592 	 0.2038441 	 0.03218592 	 0.268216 	 NEU 
89 	 0.32 	 0.52 	 0.16 	 8 	 13 	 4 	 -0.04363881 	 -0.07091307 	 -0.02181941 	 -0.1363713 	 NEU 
90 	 0 	 0.72 	 0.28 	 0 	 18 	 7 	 0 	 0.3224199 	 0.1253855 	 0.4478054 	 NEU 
91 	 0.6 	 0.24 	 0.16 	 15 	 6 	 4 	 -0.03364475 	 -0.0134579 	 -0.008971934 	 -0.05607459 	 MIN 
92 	 0.72 	 0.28 	 0 	 18 	 7 	 0 	 0.3224199 	 0.1253855 	 0 	 0.4478054 	 MIN 
93 	 0.6 	 0.4 	 0 	 15 	 10 	 0 	 0.1993834 	 0.1329223 	 0 	 0.3323057 	 MIN 
94 	 0.44 	 0.56 	 0 	 11 	 14 	 0 	 0.1380142 	 0.1756545 	 0 	 0.3136687 	 NEU 
95 	 0.04 	 0.96 	 0 	 1 	 24 	 0 	 0.04243856 	 1.018525 	 0 	 1.060964 	 NEU 
96 	 1 	 0 	 0 	 25 	 0 	 0 	 1.303256 	 0 	 0 	 1.303256 	 MIN 
97 	 0.08 	 0.6 	 0.32 	 2 	 15 	 8 	 0.003482753 	 0.02612065 	 0.01393101 	 0.04353441 	 NEU 
98 	 0 	 0.76 	 0.24 	 0 	 19 	 6 	 0 	 0.3862441 	 0.1219718 	 0.508216 	 NEU 
99 	 0.16 	 0.84 	 0 	 4 	 21 	 0 	 0.1070315 	 0.5619152 	 0 	 0.6689467 	 NEU 
100 	 1 	 0 	 0 	 25 	 0 	 0 	 1.303256 	 0 	 0 	 1.303256 	 MIN 
101 	 0.72 	 0.2 	 0.08 	 18 	 5 	 2 	 0.1484148 	 0.04122634 	 0.01649053 	 0.2061317 	 MIN 
102 	 1 	 0 	 0 	 25 	 0 	 0 	 1.303256 	 0 	 0 	 1.303256 	 MIN 
103 	 0 	 0.92 	 0.08 	 0 	 23 	 2 	 0 	 0.8289909 	 0.07208616 	 0.9010771 	 NEU 
104 	 0.6 	 0.4 	 0 	 15 	 10 	 0 	 0.1993834 	 0.1329223 	 0 	 0.3323057 	 MIN 
105 	 0.2 	 0.2 	 0.6 	 5 	 5 	 15 	 -0.01353887 	 -0.01353887 	 -0.04061661 	 -0.06769435 	 MAX 
106 	 0.16 	 0.84 	 0 	 4 	 21 	 0 	 0.1070315 	 0.5619152 	 0 	 0.6689467 	 NEU 
107 	 1 	 0 	 0 	 25 	 0 	 0 	 1.303256 	 0 	 0 	 1.303256 	 MIN 
108 	 0.28 	 0.72 	 0 	 7 	 18 	 0 	 0.1253855 	 0.3224199 	 0 	 0.4478054 	 NEU 
109 	 0.96 	 0.04 	 0 	 24 	 1 	 0 	 1.018525 	 0.04243856 	 0 	 1.060964 	 MIN 
110 	 0.12 	 0.72 	 0.16 	 3 	 18 	 4 	 0.02063299 	 0.1237979 	 0.02751065 	 0.1719416 	 NEU 
111 	 1 	 0 	 0 	 25 	 0 	 0 	 1.303256 	 0 	 0 	 1.303256 	 MIN 
112 	 0.08 	 0.56 	 0.36 	 2 	 14 	 9 	 0.001015345 	 0.007107415 	 0.004569053 	 0.01269181 	 NEU 
113 	 0.76 	 0.24 	 0 	 19 	 6 	 0 	 0.3862441 	 0.1219718 	 0 	 0.508216 	 MIN 
114 	 0.16 	 0.84 	 0 	 4 	 21 	 0 	 0.1070315 	 0.5619152 	 0 	 0.6689467 	 NEU 
115 	 0.04 	 0.96 	 0 	 1 	 24 	 0 	 0.04243856 	 1.018525 	 0 	 1.060964 	 NEU 
116 	 0.6 	 0.4 	 0 	 15 	 10 	 0 	 0.1993834 	 0.1329223 	 0 	 0.3323057 	 MIN 
117 	 0.2 	 0.52 	 0.28 	 5 	 13 	 7 	 -0.03318526 	 -0.08628167 	 -0.04645936 	 -0.1659263 	 NEU 
118 	 0 	 0.12 	 0.88 	 0 	 3 	 22 	 0 	 0.09286745 	 0.6810279 	 0.7738954 	 MAX 
119 	 0.08 	 0.84 	 0.08 	 2 	 21 	 2 	 0.04071574 	 0.4275152 	 0.04071574 	 0.5089467 	 NEU 
120 	 0.4 	 0.52 	 0.08 	 10 	 13 	 2 	 -0.003040021 	 -0.003952027 	 -0.0006080042 	 -0.007600053 	 NEU 
121 	 0 	 0.96 	 0.04 	 0 	 24 	 1 	 0 	 1.018525 	 0.04243856 	 1.060964 	 NEU 
122 	 0.8 	 0.2 	 0 	 20 	 5 	 0 	 0.4650625 	 0.1162656 	 0 	 0.5813282 	 MIN 
123 	 0.08 	 0.48 	 0.44 	 2 	 12 	 11 	 -0.001413443 	 -0.008480655 	 -0.007773934 	 -0.01766803 	 NEU 
124 	 0 	 0.72 	 0.28 	 0 	 18 	 7 	 0 	 0.3224199 	 0.1253855 	 0.4478054 	 NEU 
125 	 0.96 	 0.04 	 0 	 24 	 1 	 0 	 1.018525 	 0.04243856 	 0 	 1.060964 	 MIN 
126 	 0.2 	 0.56 	 0.24 	 5 	 14 	 6 	 -0.02474091 	 -0.06927456 	 -0.0296891 	 -0.1237046 	 NEU 
127 	 0.36 	 0.52 	 0.12 	 9 	 13 	 3 	 -0.030601 	 -0.04420145 	 -0.01020033 	 -0.08500279 	 NEU 
128 	 0.96 	 0.04 	 0 	 24 	 1 	 0 	 1.018525 	 0.04243856 	 0 	 1.060964 	 MIN 
129 	 0.44 	 0.44 	 0.12 	 11 	 11 	 3 	 -0.04668603 	 -0.04668603 	 -0.01273255 	 -0.1061046 	 MIN 
130 	 0.12 	 0.4 	 0.48 	 3 	 10 	 12 	 -0.01210214 	 -0.04034048 	 -0.04840858 	 -0.1008512 	 MAX 
131 	 0.2 	 0.68 	 0.12 	 5 	 17 	 3 	 0.01869118 	 0.06355002 	 0.01121471 	 0.09345591 	 NEU 
132 	 0.72 	 0.28 	 0 	 18 	 7 	 0 	 0.3224199 	 0.1253855 	 0 	 0.4478054 	 MIN 
133 	 0.12 	 0.72 	 0.16 	 3 	 18 	 4 	 0.02063299 	 0.1237979 	 0.02751065 	 0.1719416 	 NEU 
134 	 0.28 	 0.44 	 0.28 	 7 	 11 	 7 	 -0.06897276 	 -0.1083858 	 -0.06897276 	 -0.2463313 	 NEU 
135 	 0.44 	 0.56 	 0 	 11 	 14 	 0 	 0.1380142 	 0.1756545 	 0 	 0.3136687 	 NEU 
136 	 0.36 	 0.48 	 0.16 	 9 	 12 	 4 	 -0.05711218 	 -0.07614957 	 -0.02538319 	 -0.1586449 	 NEU 
137 	 0.96 	 0.04 	 0 	 24 	 1 	 0 	 1.018525 	 0.04243856 	 0 	 1.060964 	 MIN 
138 	 0 	 0.48 	 0.52 	 0 	 12 	 13 	 0 	 0.1461171 	 0.1582936 	 0.3044107 	 MAX 
139 	 0.84 	 0.16 	 0 	 21 	 4 	 0 	 0.5619152 	 0.1070315 	 0 	 0.6689467 	 MIN 
140 	 1 	 0 	 0 	 25 	 0 	 0 	 1.303256 	 0 	 0 	 1.303256 	 MIN 
141 	 0.68 	 0.28 	 0.04 	 17 	 7 	 1 	 0.1529552 	 0.06298157 	 0.008997367 	 0.2249342 	 MIN 
142 	 0.88 	 0.12 	 0 	 22 	 3 	 0 	 0.6810279 	 0.09286745 	 0 	 0.7738954 	 MIN 
143 	 0.44 	 0.56 	 0 	 11 	 14 	 0 	 0.1380142 	 0.1756545 	 0 	 0.3136687 	 NEU 
144 	 0.3888889 	 0.5555556 	 0.05555556 	 7 	 10 	 1 	 0.01872658 	 0.02675226 	 0.002675226 	 0.04815407 	 NEU 
145 	 0.12 	 0.48 	 0.4 	 3 	 12 	 10 	 -0.01210214 	 -0.04840858 	 -0.04034048 	 -0.1008512 	 NEU 
146 	 0.56 	 0.44 	 0 	 14 	 11 	 0 	 0.1756545 	 0.1380142 	 0 	 0.3136687 	 MIN 
147 	 0.3043478 	 0.6956522 	 0 	 7 	 16 	 0 	 0.1252992 	 0.2863981 	 0 	 0.4116973 	 NEU 
148 	 0.3478261 	 0.5217391 	 0.1304348 	 8 	 12 	 3 	 -0.03641602 	 -0.05462403 	 -0.01365601 	 -0.1046961 	 NEU 
149 	 0.1363636 	 0.6818182 	 0.1818182 	 3 	 15 	 4 	 0.01084255 	 0.05421275 	 0.01445673 	 0.07951204 	 NEU 
150 	 0.6363636 	 0.3181818 	 0.04545455 	 14 	 7 	 1 	 0.09676984 	 0.04838492 	 0.006912132 	 0.1520669 	 MIN 
151 	 0.4615385 	 0.5384615 	 0 	 6 	 7 	 0 	 0.1173508 	 0.1369093 	 0 	 0.2542601 	 NEU 
152 	 0.1666667 	 0.6111111 	 0.2222222 	 3 	 11 	 4 	 -0.01106812 	 -0.0405831 	 -0.01475749 	 -0.06640872 	 NEU 
153 	 0.04166667 	 0.6666667 	 0.2916667 	 1 	 16 	 7 	 0.008390324 	 0.1342452 	 0.05873227 	 0.2013678 	 NEU 
154 	 0.24 	 0.6 	 0.16 	 6 	 15 	 4 	 -0.0134579 	 -0.03364475 	 -0.008971934 	 -0.05607459 	 NEU 
155 	 0 	 0.64 	 0.36 	 0 	 16 	 9 	 0 	 0.2307668 	 0.1298063 	 0.3605731 	 NEU 
156 	 0.04 	 0.92 	 0.04 	 1 	 23 	 1 	 0.03284308 	 0.7553909 	 0.03284308 	 0.8210771 	 NEU 
157 	 0.16 	 0.44 	 0.4 	 4 	 11 	 10 	 -0.02714861 	 -0.07465867 	 -0.06787152 	 -0.1696788 	 NEU 
158 	 0.48 	 0.52 	 0 	 12 	 13 	 0 	 0.1461171 	 0.1582936 	 0 	 0.3044107 	 NEU 
159 	 1 	 0 	 0 	 25 	 0 	 0 	 1.303256 	 0 	 0 	 1.303256 	 MIN 
160 	 0.16 	 0.84 	 0 	 4 	 21 	 0 	 0.1070315 	 0.5619152 	 0 	 0.6689467 	 NEU 
161 	 0.56 	 0.44 	 0 	 14 	 11 	 0 	 0.1756545 	 0.1380142 	 0 	 0.3136687 	 MIN 
162 	 0.28 	 0.72 	 0 	 7 	 18 	 0 	 0.1253855 	 0.3224199 	 0 	 0.4478054 	 NEU 
163 	 0.64 	 0.36 	 0 	 16 	 9 	 0 	 0.2307668 	 0.1298063 	 0 	 0.3605731 	 MIN 
164 	 0 	 1 	 0 	 0 	 25 	 0 	 0 	 1.303256 	 0 	 1.303256 	 NEU 
165 	 0.92 	 0.08 	 0 	 23 	 2 	 0 	 0.8289909 	 0.07208616 	 0 	 0.9010771 	 MIN 
166 	 0.04 	 0.96 	 0 	 1 	 24 	 0 	 0.04243856 	 1.018525 	 0 	 1.060964 	 NEU 
167 	 0.28 	 0.72 	 0 	 7 	 18 	 0 	 0.1253855 	 0.3224199 	 0 	 0.4478054 	 NEU 
168 	 0 	 0.64 	 0.36 	 0 	 16 	 9 	 0 	 0.2307668 	 0.1298063 	 0.3605731 	 NEU 
169 	 0.84 	 0.16 	 0 	 21 	 4 	 0 	 0.5619152 	 0.1070315 	 0 	 0.6689467 	 MIN 
170 	 0 	 0.92 	 0.08 	 0 	 23 	 2 	 0 	 0.8289909 	 0.07208616 	 0.9010771 	 NEU 
171 	 0.4 	 0.6 	 0 	 10 	 15 	 0 	 0.1329223 	 0.1993834 	 0 	 0.3323057 	 NEU 
172 	 0 	 0.24 	 0.76 	 0 	 6 	 19 	 0 	 0.1219718 	 0.3862441 	 0.508216 	 MAX 
173 	 0.88 	 0.12 	 0 	 22 	 3 	 0 	 0.6810279 	 0.09286745 	 0 	 0.7738954 	 MIN 
174 	 1 	 0 	 0 	 25 	 0 	 0 	 1.303256 	 0 	 0 	 1.303256 	 MIN 
175 	 0 	 0.04 	 0.96 	 0 	 1 	 24 	 0 	 0.04243856 	 1.018525 	 1.060964 	 MAX 
176 	 0.24 	 0.76 	 0 	 6 	 19 	 0 	 0.1219718 	 0.3862441 	 0 	 0.508216 	 NEU 
177 	 0.32 	 0.44 	 0.24 	 8 	 11 	 6 	 -0.07617889 	 -0.104746 	 -0.05713417 	 -0.238059 	 NEU 
178 	 0.96 	 0 	 0.04 	 24 	 0 	 1 	 1.018525 	 0 	 0.04243856 	 1.060964 	 MIN 
179 	 0.36 	 0.64 	 0 	 9 	 16 	 0 	 0.1298063 	 0.2307668 	 0 	 0.3605731 	 NEU 
180 	 0 	 1 	 0 	 0 	 17 	 0 	 0 	 1.2761 	 0 	 1.2761 	 NEU 
181 	 0 	 0.8823529 	 0.1176471 	 0 	 15 	 2 	 0 	 0.6648885 	 0.0886518 	 0.7535403 	 NEU 
182 	 0.1818182 	 0.7272727 	 0.09090909 	 4 	 16 	 2 	 0.03628941 	 0.1451576 	 0.0181447 	 0.1995917 	 NEU 
183 	 0.24 	 0.72 	 0.04 	 6 	 18 	 1 	 0.06771289 	 0.2031387 	 0.01128548 	 0.2821371 	 NEU 
184 	 0 	 0.8 	 0.2 	 0 	 20 	 5 	 0 	 0.4650625 	 0.1162656 	 0.5813282 	 NEU 
185 	 0.96 	 0.04 	 0 	 24 	 1 	 0 	 1.018525 	 0.04243856 	 0 	 1.060964 	 MIN 
186 	 0.28 	 0.24 	 0.48 	 7 	 6 	 12 	 -0.05974292 	 -0.05120822 	 -0.1024164 	 -0.2133676 	 MAX 
187 	 0.16 	 0.68 	 0.16 	 4 	 17 	 4 	 0.01261997 	 0.05363486 	 0.01261997 	 0.07887479 	 NEU 
188 	 0.84 	 0.16 	 0 	 21 	 4 	 0 	 0.5619152 	 0.1070315 	 0 	 0.6689467 	 MIN 
189 	 0.84 	 0.16 	 0 	 21 	 4 	 0 	 0.5619152 	 0.1070315 	 0 	 0.6689467 	 MIN 
190 	 0.08 	 0.84 	 0.08 	 2 	 21 	 2 	 0.04071574 	 0.4275152 	 0.04071574 	 0.5089467 	 NEU 
191 	 1 	 0 	 0 	 5 	 0 	 0 	 1.072425 	 0 	 0 	 1.072425 	 MIN 
192 	 0.2 	 0.8 	 0 	 5 	 20 	 0 	 0.1162656 	 0.4650625 	 0 	 0.5813282 	 NEU 
193 	 0.6 	 0.4 	 0 	 15 	 10 	 0 	 0.1993834 	 0.1329223 	 0 	 0.3323057 	 MIN 
194 	 0.2 	 0.72 	 0.08 	 5 	 18 	 2 	 0.04122634 	 0.1484148 	 0.01649053 	 0.2061317 	 NEU 
195 	 0.96 	 0.04 	 0 	 24 	 1 	 0 	 1.018525 	 0.04243856 	 0 	 1.060964 	 MIN 
196 	 0 	 0.92 	 0.08 	 0 	 23 	 2 	 0 	 0.8289909 	 0.07208616 	 0.9010771 	 NEU 
197 	 1 	 0 	 0 	 25 	 0 	 0 	 1.303256 	 0 	 0 	 1.303256 	 MIN 
198 	 1 	 0 	 0 	 25 	 0 	 0 	 1.303256 	 0 	 0 	 1.303256 	 MIN 
199 	 1 	 0 	 0 	 25 	 0 	 0 	 1.303256 	 0 	 0 	 1.303256 	 MIN 
200 	 0.12 	 0.88 	 0 	 3 	 22 	 0 	 0.09286745 	 0.6810279 	 0 	 0.7738954 	 NEU 
201 	 0 	 1 	 0 	 0 	 25 	 0 	 0 	 1.303256 	 0 	 1.303256 	 NEU 
202 	 0 	 1 	 0 	 0 	 25 	 0 	 0 	 1.303256 	 0 	 1.303256 	 NEU 
203 	 0.04 	 0.56 	 0.4 	 1 	 14 	 10 	 0.004811602 	 0.06736243 	 0.04811602 	 0.1202901 	 NEU 
204 	 0.12 	 0.16 	 0.72 	 3 	 4 	 18 	 0.02063299 	 0.02751065 	 0.1237979 	 0.1719416 	 MAX 
205 	 0.0952381 	 0.7619048 	 0.1428571 	 2 	 16 	 3 	 0.02564069 	 0.2051255 	 0.03846103 	 0.2692272 	 NEU 
206 	 0.3333333 	 0.6111111 	 0.05555556 	 6 	 11 	 1 	 0.0288802 	 0.05294703 	 0.004813366 	 0.08664059 	 NEU 
207 	 0.2916667 	 0.4583333 	 0.25 	 7 	 11 	 6 	 -0.06809992 	 -0.1070142 	 -0.05837136 	 -0.2334854 	 NEU 
208 	 0.04 	 0.4 	 0.56 	 1 	 10 	 14 	 0.004811602 	 0.04811602 	 0.06736243 	 0.1202901 	 MAX 
209 	 0.36 	 0.56 	 0.08 	 9 	 14 	 2 	 0.004569053 	 0.007107415 	 0.001015345 	 0.01269181 	 NEU 
210 	 0.36 	 0.32 	 0.32 	 9 	 8 	 8 	 -0.1005937 	 -0.08941662 	 -0.08941662 	 -0.2794269 	 MIN 
211 	 0.24 	 0.72 	 0.04 	 6 	 18 	 1 	 0.06771289 	 0.2031387 	 0.01128548 	 0.2821371 	 NEU 
212 	 0.92 	 0.08 	 0 	 23 	 2 	 0 	 0.8289909 	 0.07208616 	 0 	 0.9010771 	 MIN 
213 	 0.24 	 0.56 	 0.2 	 6 	 14 	 5 	 -0.0296891 	 -0.06927456 	 -0.02474091 	 -0.1237046 	 NEU 
214 	 0.52 	 0.48 	 0 	 13 	 12 	 0 	 0.1582936 	 0.1461171 	 0 	 0.3044107 	 MIN 
215 	 0.84 	 0.16 	 0 	 21 	 4 	 0 	 0.5619152 	 0.1070315 	 0 	 0.6689467 	 MIN 
216 	 0.16 	 0.76 	 0.08 	 4 	 19 	 2 	 0.04605199 	 0.218747 	 0.023026 	 0.287825 	 NEU 
217 	 0.08 	 0.8 	 0.12 	 2 	 20 	 3 	 0.03097104 	 0.3097104 	 0.04645656 	 0.387138 	 NEU 
218 	 0.28 	 0.72 	 0 	 7 	 18 	 0 	 0.1253855 	 0.3224199 	 0 	 0.4478054 	 NEU 
219 	 0.84 	 0.16 	 0 	 21 	 4 	 0 	 0.5619152 	 0.1070315 	 0 	 0.6689467 	 MIN 
220 	 0.24 	 0.68 	 0.08 	 6 	 17 	 2 	 0.03342379 	 0.09470074 	 0.01114126 	 0.1392658 	 NEU 
221 	 0.08 	 0.92 	 0 	 2 	 23 	 0 	 0.07208616 	 0.8289909 	 0 	 0.9010771 	 NEU 
222 	 0 	 1 	 0 	 0 	 25 	 0 	 0 	 1.303256 	 0 	 1.303256 	 NEU 
223 	 0.64 	 0.36 	 0 	 16 	 9 	 0 	 0.2307668 	 0.1298063 	 0 	 0.3605731 	 MIN 
224 	 0.24 	 0.68 	 0.08 	 6 	 17 	 2 	 0.03342379 	 0.09470074 	 0.01114126 	 0.1392658 	 NEU 
225 	 0 	 1 	 0 	 0 	 25 	 0 	 0 	 1.303256 	 0 	 1.303256 	 NEU 
226 	 0.96 	 0.04 	 0 	 24 	 1 	 0 	 1.018525 	 0.04243856 	 0 	 1.060964 	 MIN 
227 	 0.08 	 0.64 	 0.28 	 2 	 16 	 7 	 0.006836755 	 0.05469404 	 0.02392864 	 0.08545943 	 NEU 
228 	 0.84 	 0.16 	 0 	 21 	 4 	 0 	 0.5619152 	 0.1070315 	 0 	 0.6689467 	 MIN 
229 	 0 	 1 	 0 	 0 	 25 	 0 	 0 	 1.303256 	 0 	 1.303256 	 NEU 
230 	 0 	 0.64 	 0.36 	 0 	 16 	 9 	 0 	 0.2307668 	 0.1298063 	 0.3605731 	 NEU 
231 	 0 	 0.48 	 0.52 	 0 	 12 	 13 	 0 	 0.1461171 	 0.1582936 	 0.3044107 	 MAX 
232 	 0.96 	 0.04 	 0 	 24 	 1 	 0 	 1.018525 	 0.04243856 	 0 	 1.060964 	 MIN 
233 	 0.64 	 0.32 	 0.04 	 16 	 8 	 1 	 0.114816 	 0.05740802 	 0.007176002 	 0.1794001 	 MIN 
234 	 0.08 	 0.92 	 0 	 2 	 23 	 0 	 0.07208616 	 0.8289909 	 0 	 0.9010771 	 NEU 
235 	 0.2 	 0.68 	 0.12 	 5 	 17 	 3 	 0.01869118 	 0.06355002 	 0.01121471 	 0.09345591 	 NEU 
236 	 0.48 	 0.48 	 0.04 	 12 	 12 	 1 	 0.04846275 	 0.04846275 	 0.004038562 	 0.1009641 	 MIN 
237 	 0 	 0.68 	 0.32 	 0 	 17 	 8 	 0 	 0.2712349 	 0.1276399 	 0.3988748 	 NEU 
238 	 0.16 	 0.28 	 0.56 	 4 	 7 	 14 	 -0.01638749 	 -0.02867811 	 -0.05735621 	 -0.1024218 	 MAX 
239 	 0.48 	 0.52 	 0 	 12 	 13 	 0 	 0.1461171 	 0.1582936 	 0 	 0.3044107 	 NEU 
240 	 0.12 	 0.68 	 0.2 	 3 	 17 	 5 	 0.01121471 	 0.06355002 	 0.01869118 	 0.09345591 	 NEU 
241 	 0.56 	 0.44 	 0 	 14 	 11 	 0 	 0.1756545 	 0.1380142 	 0 	 0.3136687 	 MIN 
242 	 0.44 	 0.56 	 0 	 11 	 14 	 0 	 0.1380142 	 0.1756545 	 0 	 0.3136687 	 NEU 
243 	 0.04 	 0.76 	 0.2 	 1 	 19 	 5 	 0.01408842 	 0.26768 	 0.07044212 	 0.3522106 	 NEU 
244 	 0.16 	 0.84 	 0 	 4 	 21 	 0 	 0.1070315 	 0.5619152 	 0 	 0.6689467 	 NEU 
245 	 0.96 	 0.04 	 0 	 24 	 1 	 0 	 1.018525 	 0.04243856 	 0 	 1.060964 	 MIN 
246 	 0.2 	 0.68 	 0.12 	 5 	 17 	 3 	 0.01869118 	 0.06355002 	 0.01121471 	 0.09345591 	 NEU 
247 	 0.12 	 0.76 	 0.12 	 3 	 19 	 3 	 0.03218592 	 0.2038441 	 0.03218592 	 0.268216 	 NEU 
248 	 1 	 0 	 0 	 24 	 0 	 0 	 1.300852 	 0 	 0 	 1.300852 	 MIN 
249 	 1 	 0 	 0 	 23 	 0 	 0 	 1.298238 	 0 	 0 	 1.298238 	 MIN 
250 	 0.1304348 	 0.8695652 	 0 	 3 	 20 	 0 	 0.09647071 	 0.6431381 	 0 	 0.7396088 	 NEU 
251 	 0.04761905 	 0.8571429 	 0.0952381 	 1 	 18 	 2 	 0.02711459 	 0.4880626 	 0.05422918 	 0.5694064 	 NEU 
